Sample	0	1	2	3	4	5	6	7	8	9	10	11	12	13	14	15	16	17	18	19
CD14_S1	(1, 39.30549658459897)	(2, 38.689338225144674)	(3, 39.03589880049627)	(4, 39.14602567786108)	(5, 39.247392850013135)	(6, 39.3829868240613)	(7, 39.28326470060069)	(8, 39.407370194182896)	(9, 39.44989673230715)	(10, 39.43989183983923)	(11, 39.55337102626354)	(12, 39.470976165423735)	(13, 39.41502277068344)	(14, 39.544051951152625)	(15, 39.45245744958037)	(16, 39.48583757372121)	(17, 39.31113155459492)	(18, 39.60169808575025)	(19, 39.57800951319456)	(20, 39.564081326417636)
CD14_S2	(1, 39.30383628301075)	(2, 38.761263637879615)	(3, 39.08764496587384)	(4, 39.14991945584809)	(5, 39.20205817044809)	(6, 39.3573587051899)	(7, 39.34615558898434)	(8, 39.37356633632478)	(9, 39.43985984652085)	(10, 39.486460472422785)	(11, 39.52811094128266)	(12, 39.47379709090419)	(13, 39.44518423856504)	(14, 39.540068199692946)	(15, 39.461310590459426)	(16, 39.52367228934478)	(17, 39.22689436756416)	(18, 39.627441035757585)	(19, 39.59736874820139)	(20, 39.58620640045015)
CD14_S3	(1, 39.32031452289772)	(2, 38.645905584231265)	(3, 39.02444257929618)	(4, 39.08889963992067)	(5, 39.16548460063362)	(6, 39.35574464723212)	(7, 39.304173420277934)	(8, 39.318230927631866)	(9, 39.39025797945543)	(10, 39.43642453342032)	(11, 39.47939543963224)	(12, 39.40746948325046)	(13, 39.42527957605336)	(14, 39.501087220763104)	(15, 39.40859698072866)	(16, 39.474684180622724)	(17, 39.23168218576243)	(18, 39.59586857956737)	(19, 39.53276210726075)	(20, 39.55322638197178)
CD14_S4	(1, 39.311339156829945)	(2, 38.56484773868808)	(3, 39.003216875612345)	(4, 39.14204701410005)	(5, 39.196689070679625)	(6, 39.37446203029284)	(7, 39.36035899426574)	(8, 39.35394782027275)	(9, 39.44789113866722)	(10, 39.4794636062216)	(11, 39.473046624014636)	(12, 39.441684145512355)	(13, 39.438739580658236)	(14, 39.526837970671735)	(15, 39.441141982175196)	(16, 39.446587211352984)	(17, 39.233949256205804)	(18, 39.54160143251539)	(19, 39.260845263463324)	(20, 39.34523323538777)
CD19_S1	(1, 39.32271416253816)	(2, 38.794016915014446)	(3, 39.10366299600826)	(4, 39.11879393132717)	(5, 39.17193055389781)	(6, 39.381263389273435)	(7, 39.30122437457984)	(8, 39.28586114343265)	(9, 39.44826858376452)	(10, 39.484419474644575)	(11, 39.46707653620144)	(12, 39.49677343740295)	(13, 39.491613963024335)	(14, 39.521450585527084)	(15, 39.46213141022634)	(16, 39.53294307748143)	(17, 39.29503206390712)	(18, 39.60379803115283)	(19, 39.50696789396553)	(20, 39.585045016048134)
CD19_S2	(1, 39.30734101657363)	(2, 38.96696062033133)	(3, 39.12466432517849)	(4, 39.12056823876301)	(5, 39.12183503771229)	(6, 39.33030173873835)	(7, 39.28533234519311)	(8, 39.2324775448757)	(9, 39.39409297409729)	(10, 39.44931357226368)	(11, 39.39164897170885)	(12, 39.444316193800674)	(13, 39.39846538689949)	(14, 39.49130790173244)	(15, 39.412452505743246)	(16, 39.493698828765)	(17, 39.3111857760226)	(18, 39.56705675004693)	(19, 39.49367017083388)	(20, 39.565771010637896)
CD19_S3	(1, 39.30937928146279)	(2, 38.72350423420298)	(3, 39.02114251708773)	(4, 39.08567828751058)	(5, 39.13554059136921)	(6, 39.32321828297234)	(7, 39.29500947791274)	(8, 39.28837810181259)	(9, 39.430368409963556)	(10, 39.490840299238315)	(11, 39.455756333754415)	(12, 39.460511045990096)	(13, 39.45580641414523)	(14, 39.5470697388843)	(15, 39.45670439552579)	(16, 39.53030630958571)	(17, 39.24461839831934)	(18, 39.57780494403145)	(19, 39.29917292785762)	(20, 39.537348933095366)
CD19_S4	(1, 39.29476572458261)	(2, 38.98157957371895)	(3, 39.16536518866387)	(4, 39.167973039268986)	(5, 39.16988125475453)	(6, 39.35384929993594)	(7, 39.32364747950403)	(8, 39.261958168331795)	(9, 39.42956622742291)	(10, 39.48718680963952)	(11, 39.414949212817355)	(12, 39.458387080659186)	(13, 39.47958769384197)	(14, 39.53692489646235)	(15, 39.440494270285335)	(16, 39.51396179618325)	(17, 39.33708402477645)	(18, 39.588717989288206)	(19, 39.432729389760475)	(20, 39.56993380407462)
CD4_S1	(1, 39.319916824984325)	(2, 38.93314413520723)	(3, 39.15609710897157)	(4, 39.14084304538095)	(5, 39.15681327861105)	(6, 39.33763542637882)	(7, 39.3392922641562)	(8, 39.288375757426316)	(9, 39.41682567318904)	(10, 39.47743436827906)	(11, 39.428918944294246)	(12, 39.47429978558837)	(13, 39.43660660335733)	(14, 39.517940525857206)	(15, 39.45505204035141)	(16, 39.48296589004314)	(17, 39.162220784693204)	(18, 39.55351271596524)	(19, 39.4517213637238)	(20, 39.534249144499334)
CD4_S2	(1, 39.36506415973178)	(2, 38.96795690708724)	(3, 39.174745054904115)	(4, 39.17079056349546)	(5, 39.12749025716769)	(6, 39.21539172017032)	(7, 39.38982325994)	(8, 39.33579156534588)	(9, 39.452454981698295)	(10, 39.49648516222903)	(11, 39.438109574618636)	(12, 39.47341939567894)	(13, 39.49219901505933)	(14, 39.57717727375163)	(15, 39.49436609948955)	(16, 39.492421943171266)	(17, 39.155320508887975)	(18, 39.43230731383802)	(19, 38.70308355694945)	(20, 39.16445509104935)
CD4_S3	(1, 39.33392274191794)	(2, 38.82374182336309)	(3, 39.10134642825301)	(4, 39.13850742611592)	(5, 39.15592604811979)	(6, 39.37561083253347)	(7, 39.348709782597616)	(8, 39.302158708269104)	(9, 39.44013834720616)	(10, 39.50430239128042)	(11, 39.46965080595559)	(12, 39.485190430826655)	(13, 39.490598021241844)	(14, 39.51640674201609)	(15, 39.459120668271765)	(16, 39.53919300414424)	(17, 39.29071138725829)	(18, 39.59127064688076)	(19, 39.51279953638696)	(20, 39.60240595060386)
CD4_S4	(1, 39.29174403216501)	(2, 38.893143731140256)	(3, 39.09662205377153)	(4, 39.11371389556885)	(5, 39.11454395932858)	(6, 39.30471633308254)	(7, 39.333067148436264)	(8, 39.237780661370124)	(9, 39.38027062285943)	(10, 39.455157059650325)	(11, 39.404874560758785)	(12, 39.432523081613766)	(13, 39.44265346310466)	(14, 39.46535674963789)	(15, 39.39909172294661)	(16, 39.46201181466486)	(17, 39.31809827227491)	(18, 39.538880179393374)	(19, 39.42579554723833)	(20, 39.529104874858)
CD56_S1	(1, 39.30272946540618)	(2, 38.855942746772)	(3, 39.11436028232827)	(4, 39.09005072027699)	(5, 39.14973115334925)	(6, 39.318268900396326)	(7, 39.31075017996799)	(8, 39.27139673539844)	(9, 39.36190172295253)	(10, 39.43249566464788)	(11, 39.43753573875619)	(12, 39.42793068840724)	(13, 39.42577166385196)	(14, 39.44687728121468)	(15, 39.3968461178334)	(16, 39.472339298100984)	(17, 39.30994077737644)	(18, 39.55892548797343)	(19, 39.487349424405544)	(20, 39.54158057809397)
CD56_S2	(1, 39.339949272142626)	(2, 38.92287249435927)	(3, 39.14060862274425)	(4, 39.097570658650355)	(5, 39.125854599559155)	(6, 39.337248568360216)	(7, 39.32847449571143)	(8, 39.31360998172533)	(9, 39.421583135497166)	(10, 39.492182233599735)	(11, 39.496272875208604)	(12, 39.52494892771379)	(13, 39.50246599526693)	(14, 39.53904759569221)	(15, 39.47235265358594)	(16, 39.514054333057146)	(17, 39.34360621177767)	(18, 39.6074920869451)	(19, 39.50515985857541)	(20, 39.572513254268394)
CD56_S3	(1, 39.330227223930954)	(2, 38.88299658454082)	(3, 39.10224143398368)	(4, 39.061837130346696)	(5, 39.12338332150435)	(6, 39.30445488434142)	(7, 39.31804844158713)	(8, 39.253807314808085)	(9, 39.32449790006119)	(10, 39.450820350920466)	(11, 39.44591267905771)	(12, 39.44910037050021)	(13, 39.44767723634347)	(14, 39.493116140119646)	(15, 39.42136086611359)	(16, 39.46982188880848)	(17, 39.28976184494558)	(18, 39.565874972903615)	(19, 39.49726081633963)	(20, 39.54809230078439)
CD56_S4	(1, 39.32234891208163)	(2, 38.89609582112265)	(3, 39.12779416964226)	(4, 39.116744814721464)	(5, 39.13985670353748)	(6, 39.339178209592056)	(7, 39.324241350599834)	(8, 39.271714175725734)	(9, 39.37747435768517)	(10, 39.47635956358563)	(11, 39.437732025968046)	(12, 39.45644914331142)	(13, 39.47590248263361)	(14, 39.4998652193034)	(15, 39.41369895968302)	(16, 39.496260953596526)	(17, 39.17365297476409)	(18, 39.57853370506584)	(19, 39.52276836067929)	(20, 39.57733849395622)
